  0.10155779  0.34484507  0.55359713
  0.59467469  0.23403813  0.17128718
  0.03446868  0.13950335  0.82602796
  0.20056150  0.45387944  0.34555906
  0.23922406  0.42365782  0.33711812
  0.39795134  0.28586896  0.31617970
  0.25181662  0.59184365  0.15633972
  0.01936061  0.57603080  0.40460858
  0.40723898  0.36339122  0.22936980
  0.50795569  0.35203076  0.14001355
  0.20412236  0.28599848  0.50987916
  0.10858539  0.46853204  0.42288257
  0.58570936  0.34113036  0.07316028
  0.14549650  0.43065422  0.42384928
  0.16185095  0.24850063  0.58964842
  0.11544785  0.10666377  0.77788837
  0.13590980  0.29443297  0.56965723
  0.49212409  0.17004363  0.33783228
  0.02918829  0.75663795  0.21417375
  0.05101013  0.59141234  0.35757753
  0.33663944  0.52817326  0.13518730
  0.50463754  0.34162587  0.15373660
  0.10178928  0.23337761  0.66483311
  0.17099518  0.44702122  0.38198360
  0.20949698  0.63798142  0.15252160
  0.34247153  0.35795840  0.29957006
  0.51573541  0.01691359  0.46735101
  0.12977869  0.63776045  0.23246086
  0.33675222  0.02631194  0.63693584
  0.10823777  0.24105715  0.65070507
  0.38874152  0.20989975  0.40135873
  0.14869098  0.53183311  0.31947591
  0.22820016  0.60698629  0.16481355
  0.42438576  0.34707858  0.22853566
  0.47734900  0.11617047  0.40648053
  0.34688508  0.30801124  0.34510368
  0.28492065  0.03079412  0.68428524
  0.28512514  0.04417469  0.67070017
  0.12422412  0.64762586  0.22815003
  0.66635824  0.06959981  0.26404196
  0.27968969  0.13721612  0.58309419
  0.31739307  0.47489282  0.20771410
  0.72121603  0.11609414  0.16268983
  0.99265719  0.00087744  0.00646537
  0.90561084  0.00427223  0.09011693
  0.62176362  0.07557034  0.30266604
  0.33452732  0.06669390  0.59877878
  0.41996438  0.23600596  0.34402966
  0.69134837  0.24808933  0.06056230
  0.55146765  0.10457959  0.34395276
  0.51375513  0.05315834  0.43308653
  0.03460029  0.52365300  0.44174671
  0.16876232  0.09516523  0.73607245
  0.05221506  0.28588265  0.66190229
  0.74503156  0.15522231  0.09974612
  0.35098959  0.63769060  0.01131981
  0.35842201  0.52184159  0.11973640
  0.05008527  0.36071175  0.58920299
  0.02610515  0.23076226  0.74313259
  0.40453617  0.20967918  0.38578465
  0.02239569  0.94184713  0.03575718
  0.27055690  0.72275289  0.00669021
  0.08156324  0.81418052  0.10425624
  0.35566165  0.58957135  0.05476700
  0.20563792  0.70249769  0.09186439
  0.50198801  0.39198508  0.10602691
  0.88299817  0.01558771  0.10141412
  0.15449172  0.76396558  0.08154271
  0.07337794  0.50124510  0.42537695
  0.65819203  0.29904582  0.04276216
  0.11666251  0.06835701  0.81498047
  0.37767532  0.53123745  0.09108723
  0.15030549  0.06599907  0.78369544
  0.23576031  0.13053092  0.63370877
  0.70953380  0.06312686  0.22733934
  0.43134838  0.32746256  0.24118906
  0.04486640  0.21746650  0.73766710
  0.07868149  0.53818291  0.38313560
  0.02092747  0.67519616  0.30387637
  0.10534603  0.11401277  0.78064120
  0.28753661  0.48531548  0.22714791
  0.55108504  0.27588243  0.17303253
  0.36902506  0.47514920  0.15582574
  0.01606394  0.36803753  0.61589853
  0.14718904  0.61073229  0.24207867
  0.45752895  0.04181980  0.50065125
  0.02130622  0.57838835  0.40030543
  0.09109089  0.41794105  0.49096807
  0.01242990  0.73202524  0.25554487
  0.45303768  0.21095409  0.33600823
  0.25982915  0.52811777  0.21205308
  0.05292480  0.01345293  0.93362227
  0.41042571  0.22587252  0.36370177
  0.19227955  0.18737490  0.62034555
  0.15716790  0.60998910  0.23284300
  0.81383395  0.05276162  0.13340443
  0.89349051  0.04037174  0.06613775
  0.08958820  0.59714036  0.31327144
  0.27248293  0.04905764  0.67845943
  0.10665400  0.61349428  0.27985173
  0.06395451  0.41829870  0.51774680
  0.35511104  0.46999915  0.17488981
  0.35391165  0.44008925  0.20599910
  0.11504012  0.77724127  0.10771861
  0.40284544  0.49994996  0.09720460
  0.07943729  0.45246054  0.46810217
  0.39706854  0.22396454  0.37896691
  0.44080435  0.51710619  0.04208946
  0.15026679  0.23333790  0.61639531
  0.31504028  0.53201540  0.15294433
  0.36223581  0.51755399  0.12021020
  0.70236351  0.08483197  0.21280452
  0.36140186  0.36550444  0.27309370
  0.23432467  0.00698637  0.75868895
  0.35476333  0.42803438  0.21720229
  0.47709866  0.37409882  0.14880251
  0.29482286  0.58918986  0.11598728
  0.02719165  0.68499907  0.28780928
  0.10822232  0.11950970  0.77226798
  0.88350831  0.03929944  0.07719225
  0.27087102  0.60501993  0.12410904
  0.39053422  0.00483554  0.60463024
  0.74379259  0.15975963  0.09644778
  0.06718353  0.04937948  0.88343699
  0.14609192  0.23571629  0.61819179
  0.79597432  0.05564684  0.14837884
  0.10093918  0.11319717  0.78586365
  0.20757712  0.08345702  0.70896586
  0.93617472  0.02378033  0.04004496
  0.56884221  0.21385351  0.21730428
  0.12902476  0.00466936  0.86630588
  0.07235362  0.17517182  0.75247456
  0.22759476  0.17720441  0.59520083
  0.03286223  0.02968186  0.93745591
  0.01815310  0.19001785  0.79182905
  0.01684701  0.36476275  0.61839024
  0.69281270  0.07258940  0.23459791
  0.46095869  0.17237777  0.36666354
  0.33041519  0.37882844  0.29075636
  0.33420548  0.42227866  0.24351586
  0.50178783  0.22508841  0.27312376
  0.13401534  0.00509376  0.86089090
  0.12457399  0.65674498  0.21868103
  0.32312023  0.36150006  0.31537971
  0.70811994  0.24980517  0.04207488
  0.11849953  0.12628313  0.75521735
  0.03742521  0.06403451  0.89854028
  0.51386678  0.34979596  0.13633726
  0.49853961  0.40249615  0.09896424
  0.06663142  0.72154097  0.21182762
  0.44895561  0.52865866  0.02238573
  0.69309191  0.24018615  0.06672194
  0.16912627  0.76087392  0.06999981
  0.50292390  0.37682365  0.12025245
  0.60568329  0.33631553  0.05800119
  0.28182504  0.38964906  0.32852589
  0.66039619  0.32256835  0.01703546
  0.56581158  0.42260240  0.01158602
  0.37616568  0.01243973  0.61139459
  0.23098265  0.38523048  0.38378687
  0.22373584  0.04010576  0.73615840
  0.39645310  0.25625116  0.34729574
  0.43952078  0.51096526  0.04951396
  0.08883455  0.57177618  0.33938927
  0.55142115  0.06824064  0.38033821
  0.46693462  0.43056491  0.10250047
  0.06432945  0.68513902  0.25053153
  0.66950767  0.10820832  0.22228401
  0.10570239  0.82913977  0.06515784
  0.21326153  0.35051171  0.43622676
  0.25037139  0.34913856  0.40049006
  0.04392618  0.21966625  0.73640757
  0.02958397  0.62884886  0.34156717
  0.17470372  0.17063030  0.65466598
  0.12991852  0.32043831  0.54964318
  0.13244739  0.64607116  0.22148145
  0.16393281  0.26619395  0.56987324
  0.54535781  0.32487581  0.12976637
  0.21477639  0.12494448  0.66027913
  0.18001635  0.47216881  0.34781484
  0.20705417  0.68603003  0.10691580
  0.15306976  0.27076031  0.57616993
  0.24199231  0.66425661  0.09375108
  0.09458371  0.22858922  0.67682707
  0.23925994  0.07188294  0.68885712
  0.19824485  0.26342979  0.53832536
  0.07935576  0.01397372  0.90667052
  0.09807186  0.28011511  0.62181304
  0.25760058  0.14566404  0.59673538
  0.42744470  0.20212081  0.37043449
  0.21495427  0.57458998  0.21045575
  0.87000783  0.01488724  0.11510493
  0.01936453  0.00973463  0.97090084
  0.32020209  0.16339253  0.51640538
  0.47321001  0.05122838  0.47556161
  0.27200121  0.20159592  0.52640287
  0.58361438  0.24012698  0.17625864
  0.68252847  0.30628765  0.01118388
  0.54850118  0.44738447  0.00411435
  0.19929011  0.22216698  0.57854291
  0.32234702  0.00431822  0.67333476
  0.38370722  0.38682817  0.22946461
  0.95280435  0.00149012  0.04570552
  0.25493453  0.07567787  0.66938760
  0.66118839  0.33330627  0.00550534
  0.00061193  0.51615471  0.48323336
  0.58537213  0.04318397  0.37144390
  0.29147954  0.23350315  0.47501732
  0.18695886  0.42680472  0.38623642
  0.53285308  0.22014725  0.24699967
  0.33750614  0.29095341  0.37154045
  0.31752250  0.65938829  0.02308921
  0.46772190  0.11028933  0.42198877
  0.77630177  0.05393669  0.16976154
  0.11078234  0.61010194  0.27911573
  0.03743847  0.85480131  0.10776022
  0.19329447  0.68563803  0.12106750
  0.48897657  0.23854919  0.27247424
  0.05759575  0.40138158  0.54102267
  0.71462369  0.16996160  0.11541471
  0.21743945  0.58476171  0.19779884
  0.16627424  0.12701745  0.70670831
  0.04869272  0.66349587  0.28781141
  0.65495517  0.13485982  0.21018501
  0.76754349  0.09418331  0.13827320
  0.17781575  0.34770099  0.47448326
  0.09431778  0.65149177  0.25419045
  0.38526899  0.44707839  0.16765262
  0.18517318  0.79747132  0.01735549
  0.60207914  0.09436159  0.30355927
  0.55498539  0.23548441  0.20953021
  0.35122490  0.31812793  0.33064717
  0.17212737  0.71820807  0.10966456
  0.20330466  0.21980064  0.57689470
  0.22748613  0.60707160  0.16544226
  0.37563721  0.56444933  0.05991346
  0.02656387  0.94051969  0.03291644
  0.07426211  0.53850584  0.38723205
  0.32064443  0.67901265  0.00034292
  0.07754577  0.00409311  0.91836111
  0.66375372  0.15428068  0.18196560
  0.15708656  0.14646758  0.69644586
  0.37774328  0.43849544  0.18376128
  0.34329450  0.11505791  0.54164759
  0.00777625  0.18298997  0.80923378
  0.29545831  0.08311019  0.62143150
  0.51744145  0.26857183  0.21398671
  0.46221365  0.12532814  0.41245822
  0.67447442  0.19831309  0.12721249
  0.21380564  0.49093802  0.29525634
  0.18175618  0.29963848  0.51860534
  0.44896003  0.53120356  0.01983640
  0.86121345  0.04981620  0.08897035
  0.12451251  0.87319211  0.00229538
  0.18262157  0.75650018  0.06087825
  0.18140213  0.57774825  0.24084962
  0.06765579  0.05926812  0.87307609
  0.20469370  0.01150841  0.78379789
  0.21645683  0.20348652  0.58005665
  0.14579190  0.15682746  0.69738064
  0.82825818  0.13839899  0.03334283
  0.00148147  0.68602958  0.31248895
  0.33232108  0.47972452  0.18795441
  0.71280200  0.08927340  0.19792459
  0.01124993  0.65995826  0.32879180
  0.06876409  0.11170825  0.81952766
  0.53187098  0.42811018  0.04001883
  0.38043127  0.50971555  0.10985318
  0.02544768  0.40595502  0.56859730
  0.52473959  0.37973922  0.09552119
  0.13374100  0.42568621  0.44057280
  0.69168036  0.05497232  0.25334732
  0.30285673  0.67224721  0.02489605
  0.08213397  0.82522531  0.09264072
  0.01371503  0.45010774  0.53617723
  0.04773254  0.69361563  0.25865183
  0.46003081  0.35108921  0.18887998
  0.20999326  0.04746508  0.74254166
  0.63242964  0.21108090  0.15648946
  0.40295930  0.21558899  0.38145171
  0.10459230  0.88499019  0.01041751
  0.27428844  0.38378506  0.34192650
  0.74594454  0.04826546  0.20579000
  0.08155463  0.59331649  0.32512888
  0.15042507  0.50041065  0.34916428
  0.73960297  0.00978793  0.25060910
  0.04838183  0.58741774  0.36420042
  0.36823763  0.20555503  0.42620734
  0.43554874  0.11500564  0.44944562
  0.58089853  0.20787959  0.21122189
  0.19574532  0.74951802  0.05473667
  0.57697362  0.38308114  0.03994524
  0.26827536  0.28372811  0.44799653
  0.78843889  0.06176976  0.14979135
  0.57447704  0.29565559  0.12986737
  0.07876392  0.03569237  0.88554371
  0.09767746  0.27513020  0.62719234
  0.44236980  0.30294162  0.25468859
  0.19790974  0.35472228  0.44736798
  0.36583366  0.46332807  0.17083827
  0.44749064  0.46981855  0.08269082
  0.15153156  0.47205931  0.37640914
  0.08125914  0.25376327  0.66497759
  0.56382910  0.07935779  0.35681311
  0.07345293  0.48789314  0.43865392
  0.29125239  0.65903029  0.04971732
  0.54442705  0.36475421  0.09081874
  0.15579827  0.49349393  0.35070779
  0.22401050  0.00119962  0.77478988
  0.74674676  0.03684403  0.21640922
  0.16496865  0.66828517  0.16674618
  0.42315884  0.49734255  0.07949861
  0.03318282  0.32806905  0.63874814
  0.46567853  0.45937376  0.07494772
  0.24133103  0.10474567  0.65392330
  0.49505342  0.09518074  0.40976584
  0.17368023  0.07446910  0.75185068
  0.87955712  0.08525698  0.03518590
  0.44186140  0.44014053  0.11799806
  0.61402316  0.08128567  0.30469117
  0.16800280  0.42903358  0.40296362
  0.28409725  0.10146470  0.61443804
  0.28063688  0.43424987  0.28511324
  0.17440348  0.00887129  0.81672522
  0.18183996  0.61790663  0.20025341
  0.19212513  0.03379120  0.77408367
  0.57267072  0.04276232  0.38456696
  0.14714627  0.21853188  0.63432185
  0.21298862  0.27429283  0.51271855
  0.40367107  0.00846254  0.58786639
  0.06870642  0.91607423  0.01521935
  0.05614450  0.08221699  0.86163851
  0.54007221  0.05870548  0.40122230
  0.42740045  0.44326438  0.12933517
  0.95880845  0.02716148  0.01403008
  0.30665479  0.67199461  0.02135059
  0.37191458  0.25340972  0.37467570
  0.07422206  0.03998033  0.88579762
  0.32621438  0.07423225  0.59955337
  0.10204695  0.66068227  0.23727078
  0.43537935  0.04367341  0.52094725
  0.12387848  0.74263011  0.13349141
  0.40259953  0.09022178  0.50717869
  0.01619523  0.17180226  0.81200252
  0.02186272  0.67523391  0.30290338
  0.07744526  0.38947087  0.53308388
  0.19737218  0.44748434  0.35514348
  0.01947918  0.67542797  0.30509285
  0.08817117  0.56309199  0.34873684
  0.31736728  0.25560567  0.42702705
  0.56209482  0.27457862  0.16332656
  0.37299040  0.05509861  0.57191099
  0.21807020  0.14805001  0.63387979
  0.02107887  0.59050776  0.38841337
  0.23687918  0.45407722  0.30904361
  0.20243852  0.23247987  0.56508161
  0.23370916  0.60051478  0.16577605
  0.84676986  0.07168088  0.08154926
  0.01075925  0.29985987  0.68938088
  0.65194684  0.32883256  0.01922060
  0.63545091  0.13450784  0.23004125
  0.66338435  0.17132335  0.16529230
  0.44036666  0.31973342  0.23989992
  0.33021816  0.05678708  0.61299476
  0.48182537  0.30148449  0.21669014
  0.21773011  0.27661084  0.50565905
  0.12081223  0.07396798  0.80521979
  0.49435989  0.38567172  0.11996839
  0.01925169  0.36858928  0.61215903
  0.43180399  0.15660815  0.41158787
  0.04953612  0.11217965  0.83828423
  0.69822033  0.13021411  0.17156556
  0.21065263  0.27929839  0.51004898
  0.27988631  0.18967965  0.53043404
  0.59093774  0.38474937  0.02431289
  0.50455042  0.35155465  0.14389493
  0.13684680  0.58506109  0.27809211
  0.20237321  0.35529789  0.44232890
  0.05249649  0.84155618  0.10594732
  0.18661900  0.21072705  0.60265396
  0.74713389  0.20889991  0.04396620
  0.48184868  0.06782236  0.45032895
  0.66194669  0.28191891  0.05613440
  0.14088066  0.21553092  0.64358842
  0.40866676  0.56436582  0.02696742
  0.29168733  0.24746828  0.46084439
  0.23240589  0.45369473  0.31389938
  0.51827415  0.31532888  0.16639697
  0.17600217  0.50800952  0.31598831
  0.00775460  0.19489674  0.79734866
  0.50074921  0.14014568  0.35910511
  0.16380378  0.17309224  0.66310398
  0.70335330  0.11909708  0.17754961
  0.08965121  0.18891334  0.72143544
  0.35606209  0.63704223  0.00689568
  0.22942726  0.03150246  0.73907028
  0.03447158  0.19429283  0.77123559
  0.19651262  0.28981477  0.51367261
  0.01135226  0.50878702  0.47986073
  0.23371054  0.33967819  0.42661127
  0.14252961  0.80711003  0.05036037
  0.03841184  0.23849157  0.72309659
  0.27693072  0.23150517  0.49156411
  0.36139433  0.37171761  0.26688806
  0.55328568  0.15838637  0.28832795
  0.66444705  0.17046519  0.16508775
  0.51755231  0.34935951  0.13308818
  0.47168669  0.39378204  0.13453127
  0.36052916  0.59668262  0.04278823
  0.57816252  0.13516732  0.28667016
  0.06834353  0.10961577  0.82204069
  0.05267589  0.00317814  0.94414598
  0.04066262  0.82853989  0.13079749
  0.11663712  0.08850692  0.79485596
  0.05916533  0.66265196  0.27818271
  0.55171350  0.04067868  0.40760782
  0.03822864  0.78370401  0.17806734
  0.08852722  0.85688499  0.05458779
  0.07765987  0.69284877  0.22949135
  0.67972089  0.26034336  0.05993574
  0.29614619  0.36692920  0.33692462
  0.32254341  0.14483896  0.53261763
  0.06042547  0.01524421  0.92433033
  0.38816404  0.51409369  0.09774227
  0.16284318  0.68003953  0.15711729
  0.61723937  0.17068159  0.21207904
  0.52661874  0.32054172  0.15283954
  0.35252308  0.18474038  0.46273654
  0.60631361  0.33930680  0.05437959
  0.55285226  0.39953484  0.04761290
  0.18776856  0.07674291  0.73548853
  0.38214716  0.43182242  0.18603041
  0.51580334  0.35925791  0.12493875
  0.04257912  0.04292482  0.91449606
  0.34010577  0.07131852  0.58857571
  0.36102698  0.30636212  0.33261090
  0.76134466  0.20262661  0.03602873
  0.08488377  0.50359855  0.41151768
  0.30380456  0.03310985  0.66308558
  0.70201834  0.23874495  0.05923672
  0.27972840  0.62023398  0.10003763
  0.70149900  0.23495646  0.06354454
  0.61693729  0.12866035  0.25440236
  0.66127913  0.18463681  0.15408406
  0.07443173  0.43613100  0.48943726
  0.03674741  0.61174832  0.35150427
  0.85748887  0.09670455  0.04580659
  0.05171529  0.13454044  0.81374427
  0.03869972  0.63803807  0.32326221
  0.38504335  0.29557482  0.31938183
  0.09797979  0.26889906  0.63312115
  0.37166041  0.47818889  0.15015070
  0.67533366  0.10525875  0.21940758
  0.23815590  0.23691560  0.52492850
  0.51902177  0.20206706  0.27891117
  0.55172245  0.22887824  0.21939930
  0.08751610  0.29710750  0.61537640
  0.58337179  0.32038770  0.09624051
  0.00059099  0.25498950  0.74441951
  0.13611879  0.83666714  0.02721408
  0.27094750  0.04931503  0.67973747
  0.14208591  0.51570626  0.34220782
  0.65615134  0.19945898  0.14438968
  0.16120822  0.52657598  0.31221580
  0.45089035  0.26851430  0.28059534
  0.25382143  0.72920414  0.01697442
  0.66393964  0.20437691  0.13168345
  0.46011971  0.03778997  0.50209033
  0.42530064  0.17840417  0.39629519
  0.22478924  0.36980672  0.40540403
  0.06825384  0.61022817  0.32151799
  0.26798122  0.20627929  0.52573949
  0.75852345  0.16489773  0.07657883
  0.12794032  0.75936142  0.11269826
  0.30574520  0.38156385  0.31269095
  0.44165371  0.38579672  0.17254957
  0.31651680  0.43701479  0.24646841
  0.16188785  0.40318251  0.43492963
  0.64966872  0.28506764  0.06526363
  0.68977737  0.15162362  0.15859902
  0.10209283  0.50413463  0.39377254
  0.38822028  0.45689830  0.15488142
  0.12407888  0.51641365  0.35950748
  0.19690582  0.49654729  0.30654689
  0.53628868  0.43946825  0.02424307
  0.47960847  0.23127146  0.28912007
  0.63113260  0.35784557  0.01102183
  0.69838648  0.10488855  0.19672497
  0.47989730  0.33271833  0.18738437
  0.23913227  0.50814829  0.25271944
  0.33947460  0.11611291  0.54441249
  0.93416814  0.00698267  0.05884919
  0.74991287  0.09768499  0.15240214
  0.25806344  0.44243167  0.29950489
  0.08369299  0.22432176  0.69198524
  0.09212741  0.87427889  0.03359370
  0.07597051  0.26617298  0.65785651
  0.43557442  0.21503652  0.34938906
  0.60188139  0.18173648  0.21638213
  0.19503837  0.15164158  0.65332005
  0.42931850  0.45891796  0.11176354
  0.09162649  0.24554739  0.66282611
  0.73238306  0.16356834  0.10404860
  0.52703749  0.17390468  0.29905783
  0.58154586  0.24702339  0.17143074
  0.29711483  0.50283661  0.20004856
  0.68455398  0.06254563  0.25290039
  0.52802572  0.18046456  0.29150972
  0.41599687  0.24948968  0.33451346
  0.01197592  0.75201815  0.23600593
  0.03235409  0.88884190  0.07880402
  0.75840418  0.16044510  0.08115072
  0.13371954  0.68658815  0.17969231
  0.39220246  0.60598463  0.00181291
  0.11320506  0.33349434  0.55330060
  0.62861180  0.02432176  0.34706644
  0.32204820  0.26045217  0.41749963
  0.16137466  0.12225623  0.71636911
  0.22438180  0.21567787  0.55994033
  0.03320342  0.89211678  0.07467980
  0.18772689  0.35047447  0.46179864
  0.17839350  0.13398483  0.68762167
  0.25841833  0.18780925  0.55377242
  0.00406336  0.81607704  0.17985960
  0.12442846  0.51813258  0.35743896
  0.51014995  0.33174184  0.15810821
  0.48124552  0.34340323  0.17535125
  0.12098249  0.63001787  0.24899964
  0.45354033  0.22220697  0.32425270
  0.02615716  0.45609523  0.51774761
  0.33045218  0.34086590  0.32868192
  0.03844105  0.67081238  0.29074657
  0.16150884  0.30648740  0.53200375
  0.48875058  0.28143348  0.22981594
  0.21453524  0.76125920  0.02420556
  0.00866641  0.76092614  0.23040745
  0.74680245  0.23004436  0.02315319
  0.20119251  0.12050293  0.67830456
  0.23608768  0.75288723  0.01102509
  0.16958594  0.27661230  0.55380175
  0.13299666  0.12888483  0.73811852
  0.17479333  0.74694053  0.07826614
  0.52444475  0.37270210  0.10285315
  0.11076945  0.37420443  0.51502612
  0.67325273  0.02350240  0.30324486
  0.14832788  0.05002431  0.80164781
  0.00618463  0.41818496  0.57563040
  0.04602290  0.22543247  0.72854463
  0.09735545  0.44160208  0.46104246
  0.32307397  0.13686123  0.54006480
  0.26188543  0.23806098  0.50005358
  0.28832247  0.25295725  0.45872028
  0.56010861  0.32171515  0.11817624
  0.30420287  0.67270810  0.02308903
  0.48852851  0.03936620  0.47210529
  0.02259483  0.97489537  0.00250980
  0.48271255  0.14519276  0.37209468
  0.70227013  0.28542855  0.01230132
  0.00595031  0.34255454  0.65149515
  0.30612205  0.47912622  0.21475173
  0.18198430  0.02606333  0.79195237
  0.04405527  0.24268397  0.71326076
  0.18914804  0.54009720  0.27075475
  0.14174917  0.52560145  0.33264938
  0.70371428  0.26420545  0.03208027
  0.05943735  0.23036938  0.71019328
  0.55461084  0.06746992  0.37791924
  0.23977298  0.63997122  0.12025580
  0.08231435  0.20415057  0.71353508
  0.30693061  0.58709562  0.10597376
  0.75251278  0.23791003  0.00957718
  0.06898954  0.00489148  0.92611898
  0.26309156  0.20210813  0.53480030
  0.03431032  0.71572003  0.24996965
  0.46929852  0.09938356  0.43131792
  0.03402897  0.29193404  0.67403700
  0.18324247  0.50985239  0.30690515
  0.59706067  0.15665364  0.24628569
  0.82603629  0.16122155  0.01274216
  0.04636914  0.42739038  0.52624048
  0.28576352  0.43984693  0.27438954
  0.37207136  0.08924468  0.53868396
  0.20220290  0.27698297  0.52081413
  0.67131726  0.14712442  0.18155832
  0.20563766  0.05102444  0.74333790
  0.21076745  0.27114286  0.51808970
  0.47649169  0.06734294  0.45616537
  0.10780651  0.32434939  0.56784410
  0.06767402  0.75130293  0.18102306
  0.20255471  0.32183393  0.47561137
  0.04781434  0.83632416  0.11586150
  0.44425605  0.52968105  0.02606290
  0.01752465  0.94167082  0.04080453
  0.56162253  0.00745343  0.43092404
  0.03403097  0.57568007  0.39028896
  0.76379811  0.17395514  0.06224676
  0.96272457  0.03482524  0.00245020
  0.01312627  0.09780790  0.88906583
  0.28839633  0.41578263  0.29582105
  0.22174772  0.45588219  0.32237009
  0.21206133  0.17544772  0.61249094
  0.63505709  0.05150503  0.31343789
  0.04842632  0.31006493  0.64150875
  0.08554804  0.68245150  0.23200046
  0.27498147  0.26915703  0.45586150
  0.16389139  0.57647772  0.25963089
  0.81508471  0.06986161  0.11505368
  0.27704716  0.18545136  0.53750148
  0.03010124  0.39916926  0.57072950
  0.25507905  0.46407918  0.28084177
  0.02970860  0.16721595  0.80307545
  0.29427436  0.35597191  0.34975373
  0.36138548  0.28736619  0.35124834
  0.14471576  0.36145909  0.49382515
  0.19766121  0.41145608  0.39088271
  0.20390398  0.41749885  0.37859717
  0.26783099  0.30453683  0.42763218
  0.23650187  0.31372499  0.44977313
  0.18641764  0.76421100  0.04937137
  0.21946410  0.58202266  0.19851324
  0.08894187  0.73370295  0.17735517
  0.27790861  0.52455817  0.19753321
  0.25618157  0.43085005  0.31296838
  0.22613662  0.00378396  0.77007942
  0.20022495  0.76461427  0.03516078
  0.00971533  0.80081352  0.18947116
  0.59982176  0.37376529  0.02641295
  0.00182997  0.69026850  0.30790153
  0.30135421  0.65424917  0.04439662
  0.09704888  0.20881353  0.69413759
  0.51340386  0.08561178  0.40098436
  0.33562202  0.38378844  0.28058954
  0.75564355  0.08258132  0.16177513
  0.71789440  0.13828992  0.14381568
  0.07553711  0.25200333  0.67245956
  0.87884441  0.06016858  0.06098701
  0.39889939  0.41588511  0.18521550
  0.08060007  0.85172029  0.06767964
  0.25017252  0.67603805  0.07378943
  0.09760681  0.40394682  0.49844637
  0.11393365  0.08514688  0.80091946
  0.50462946  0.19636678  0.29900376
  0.30368681  0.02949254  0.66682065
  0.53843317  0.37051551  0.09105133
  0.27689017  0.50675699  0.21635284
  0.47158600  0.49112419  0.03728981
  0.08299952  0.70657165  0.21042883
  0.17689868  0.20906301  0.61403831
  0.59997062  0.33736957  0.06265981
  0.45249142  0.29542687  0.25208170
  0.35251931  0.11611829  0.53136240
  0.69945345  0.20637992  0.09416663
  0.23038709  0.48961558  0.27999732
  0.11929890  0.70110304  0.17959805
  0.30890973  0.64931377  0.04177650
  0.53887185  0.33652093  0.12460722
  0.10472578  0.80279445  0.09247977
  0.49099714  0.28378907  0.22521379
  0.82831695  0.00138227  0.17030078
  0.60140962  0.02478176  0.37380861
  0.18676691  0.28131270  0.53192039
  0.14743353  0.44027593  0.41229054
  0.57208783  0.14631647  0.28159571
  0.26095677  0.09785891  0.64118431
  0.69369897  0.04315124  0.26314979
  0.24538845  0.73950788  0.01510368
  0.23911638  0.27202281  0.48886080
  0.64866626  0.01190323  0.33943051
  0.00386437  0.19990341  0.79623223
  0.01616904  0.52832405  0.45550691
  0.06882631  0.11519884  0.81597486
  0.19575934  0.65174180  0.15249887
  0.33485903  0.23451716  0.43062381
  0.31516805  0.50895616  0.17587580
  0.23031236  0.52235162  0.24733602
  0.15632016  0.23403110  0.60964874
  0.04183050  0.85246026  0.10570924
  0.19525679  0.15667962  0.64806359
  0.70820204  0.24724258  0.04455538
  0.05395996  0.06017852  0.88586152
  0.22673782  0.25794872  0.51531346
  0.33321929  0.64526183  0.02151888
  0.66413471  0.04012103  0.29574426
  0.09381891  0.16511041  0.74107069
  0.74752453  0.19741233  0.05506315
  0.49205296  0.15480071  0.35314633
  0.22759089  0.58762695  0.18478216
  0.60615084  0.22039424  0.17345492
  0.14540658  0.63657272  0.21802070
  0.69027893  0.01048807  0.29923300
  0.31733871  0.12481447  0.55784683
  0.15143309  0.61561278  0.23295413
  0.64588969  0.15370416  0.20040615
  0.28843818  0.09682313  0.61473869
  0.60385176  0.03648168  0.35966656
  0.27767659  0.45162860  0.27069481
  0.25659629  0.26965799  0.47374572
  0.36991971  0.52795171  0.10212859
  0.40162384  0.26656581  0.33181035
  0.36643771  0.51433968  0.11922261
  0.01304428  0.18996659  0.79698913
  0.08968916  0.80865188  0.10165896
  0.26736602  0.30679679  0.42583719
  0.51085878  0.29823327  0.19090795
  0.20622269  0.70242503  0.09135228
  0.58490808  0.11905622  0.29603570
  0.25525823  0.36188566  0.38285610
  0.39495507  0.04119651  0.56384842
  0.46667017  0.47696198  0.05636786
  0.03083561  0.61367109  0.35549329
  0.52381181  0.12381670  0.35237149
  0.03156850  0.21395171  0.75447979
  0.47574500  0.11896857  0.40528643
  0.28448016  0.69898150  0.01653834
  0.18992799  0.80012542  0.00994659
  0.08306213  0.53773900  0.37919887
  0.02695292  0.38883991  0.58420717
  0.33209331  0.29094681  0.37695988
  0.69718988  0.02783517  0.27497495
  0.44089352  0.43488447  0.12422201
  0.39954574  0.42246063  0.17799363
  0.39076708  0.50574325  0.10348967
  0.62365216  0.09521348  0.28113436
  0.11614067  0.22803556  0.65582377
  0.17967258  0.76961420  0.05071323
  0.11268524  0.70988737  0.17742739
  0.25233531  0.19200365  0.55566104
  0.65458433  0.07450586  0.27090981
  0.46397370  0.26152562  0.27450068
  0.70948147  0.09259765  0.19792088
  0.45913729  0.53216694  0.00869577
  0.37670718  0.09416533  0.52912749
  0.21584345  0.23862988  0.54552667
  0.21998818  0.35101185  0.42899997
  0.56201399  0.23569154  0.20229447
  0.64103032  0.35271731  0.00625237
  0.26445720  0.15385798  0.58168482
  0.27896864  0.11698986  0.60404150
  0.42750507  0.52453619  0.04795874
  0.12854775  0.47172385  0.39972840
  0.00533951  0.21888927  0.77577122
  0.28805257  0.69170678  0.02024065
  0.13084414  0.47418983  0.39496603
  0.30032929  0.67101249  0.02865822
  0.07020813  0.65389616  0.27589571
  0.74429950  0.21410751  0.04159298
  0.65307545  0.03112220  0.31580235
  0.65203910  0.23878453  0.10917637
  0.08233897  0.03186137  0.88579966
  0.11678535  0.59867656  0.28453809
  0.65001365  0.28323332  0.06675303
  0.60717414  0.31238526  0.08044060
  0.19869455  0.36234815  0.43895729
  0.07600202  0.76905588  0.15494210
  0.25597592  0.57180046  0.17222362
  0.63009582  0.05710632  0.31279786
  0.53554382  0.06272553  0.40173064
  0.26874301  0.30471404  0.42654294
  0.86770813  0.05579769  0.07649418
  0.55653307  0.09079528  0.35267165
  0.43129313  0.18717604  0.38153082
  0.18978132  0.07678593  0.73343275
  0.64762591  0.06434292  0.28803117
  0.47730392  0.46002028  0.06267579
  0.08585981  0.69693634  0.21720385
  0.04345767  0.29692200  0.65962034
  0.02554463  0.75166675  0.22278862
  0.17447668  0.13466093  0.69086240
  0.41298607  0.53469861  0.05231531
  0.22291559  0.48213837  0.29494604
  0.16787026  0.59213999  0.23998976
  0.38401990  0.35580054  0.26017956
  0.00466160  0.68822373  0.30711467
  0.25561306  0.35648636  0.38790058
  0.07914426  0.23915790  0.68169784
  0.28042045  0.52768348  0.19189607
  0.04740018  0.57916746  0.37343235
  0.22342971  0.67600451  0.10056579
  0.78370767  0.06088489  0.15540743
  0.67712465  0.04510610  0.27776925
  0.73140167  0.08631934  0.18227899
  0.38923882  0.50260572  0.10815546
  0.15509177  0.55629821  0.28861001
  0.31265677  0.49049449  0.19684874
  0.60485069  0.34714056  0.04800875
  0.05859471  0.26171332  0.67969197
  0.80341609  0.10730914  0.08927476
  0.10935622  0.21964094  0.67100284
  0.19502128  0.43105051  0.37392821
  0.94201511  0.00657950  0.05140539
  0.03634377  0.39654881  0.56710741
  0.17669788  0.43267057  0.39063155
  0.90172277  0.00597632  0.09230091
  0.87660561  0.09393237  0.02946201
  0.25887716  0.49894388  0.24217896
  0.13965303  0.24487737  0.61546960
  0.37009219  0.41581514  0.21409267
  0.14642686  0.17216790  0.68140524
  0.72709308  0.22555137  0.04735554
  0.11597779  0.09745481  0.78656740
  0.57595145  0.26275016  0.16129839
  0.21755862  0.12012413  0.66231725
  0.27769204  0.43961558  0.28269238
  0.58081765  0.19611470  0.22306765
  0.14074441  0.52156054  0.33769505
  0.42093494  0.16180331  0.41726175
  0.92454894  0.06617890  0.00927215
  0.16674235  0.38090239  0.45235526
  0.59875920  0.13744454  0.26379626
  0.02901736  0.31922253  0.65176011
  0.23086246  0.58412338  0.18501415
  0.13661831  0.12391733  0.73946435
  0.16205567  0.30025958  0.53768475
  0.17046332  0.65086649  0.17867019
  0.07007433  0.65781426  0.27211142
  0.09872063  0.69852155  0.20275782
  0.20764805  0.23563578  0.55671616
  0.04169549  0.89690298  0.06140153
  0.02468444  0.31208749  0.66322807
  0.24671510  0.59053257  0.16275234
  0.28539507  0.37632822  0.33827670
  0.80690854  0.03374257  0.15934888
  0.26492543  0.43847491  0.29659966
  0.78148312  0.16702914  0.05148774
  0.81714244  0.15651136  0.02634620
  0.01435529  0.02042794  0.96521677
  0.12930375  0.39848792  0.47220833
  0.22396963  0.43940034  0.33663003
  0.10113072  0.81519569  0.08367359
  0.25682194  0.39958628  0.34359178
  0.18743918  0.78826287  0.02429795
  0.63478023  0.04766068  0.31755909
  0.12375590  0.16418696  0.71205715
  0.58858839  0.32510183  0.08630978
  0.10068579  0.84756758  0.05174663
  0.53072720  0.45955242  0.00972038
  0.25679838  0.07326125  0.66994038
  0.15850575  0.72884124  0.11265302
  0.02965198  0.34569437  0.62465365
  0.37760992  0.15309693  0.46929315
  0.57896790  0.00743774  0.41359436
  0.14806207  0.21770455  0.63423338
  0.81203132  0.11755453  0.07041415
  0.83598297  0.05908445  0.10493257
  0.55255369  0.09798914  0.34945717
  0.49230923  0.33111238  0.17657839
  0.22348188  0.58342081  0.19309731
  0.66380432  0.20379040  0.13240529
  0.33693526  0.02541917  0.63764557
  0.02028855  0.81145660  0.16825486
  0.17334037  0.48235628  0.34430336
  0.07600324  0.92275836  0.00123840
  0.73537542  0.16362073  0.10100386
  0.10267032  0.27911042  0.61821926
  0.23586915  0.67199415  0.09213669
  0.17431031  0.74173786  0.08395183
  0.57750725  0.31821878  0.10427397
  0.05280295  0.11692786  0.83026918
  0.56068047  0.06012607  0.37919345
  0.19983959  0.01381793  0.78634248
  0.60540632  0.25387692  0.14071676
  0.07725064  0.04581870  0.87693066
  0.39662085  0.08311426  0.52026489
  0.20568535  0.47953792  0.31477673
  0.58562275  0.30277004  0.11160721
  0.01338470  0.20689805  0.77971725
  0.52404396  0.05839714  0.41755890
  0.37245483  0.41964166  0.20790351
  0.09160332  0.40054749  0.50784919
  0.10913506  0.01684029  0.87402465
  0.14087503  0.69857232  0.16055265
  0.05045124  0.17834177  0.77120699
  0.02710009  0.69502215  0.27787777
  0.12818725  0.03882521  0.83298754
  0.25532000  0.09717100  0.64750901
  0.48836941  0.20754839  0.30408220
  0.53532440  0.22896447  0.23571112
  0.74809344  0.18039232  0.07151424
  0.59994400  0.29074156  0.10931444
  0.36984537  0.01704267  0.61311196
  0.70445057  0.01755255  0.27799688
  0.24455015  0.53690225  0.21854759
  0.49715249  0.00867006  0.49417745
  0.06774802  0.59347250  0.33877949
  0.29504940  0.70478760  0.00016300
  0.45857526  0.12159699  0.41982775
  0.16245322  0.06396567  0.77358111
  0.07070512  0.19819283  0.73110205
  0.55349471  0.03339713  0.41310816
  0.40955800  0.42888922  0.16155278
  0.39267290  0.09709720  0.51022990
  0.27443203  0.22650365  0.49906432
  0.28914780  0.32699187  0.38386033
  0.21619726  0.25412303  0.52967971
  0.24662640  0.43539346  0.31798014
  0.52018161  0.32832490  0.15149350
  0.66948094  0.11939862  0.21112044
  0.03322409  0.76543890  0.20133701
  0.49217361  0.17868867  0.32913773
  0.12543944  0.21496528  0.65959528
  0.29722009  0.65296927  0.04981065
  0.28684403  0.17138129  0.54177467
  0.25084402  0.35903072  0.39012527
  0.05895742  0.76079605  0.18024652
  0.79408252  0.02458946  0.18132802
  0.09012066  0.31653744  0.59334190
  0.00018953  0.32622649  0.67358398
  0.10912236  0.80970461  0.08117303
  0.10263046  0.38587216  0.51149738
  0.90294122  0.03555364  0.06150515
  0.47688606  0.25821347  0.26490047
  0.29632159  0.35520653  0.34847188
  0.39081314  0.35329615  0.25589070
  0.30437258  0.13042069  0.56520673
  0.05647237  0.37851966  0.56500797
  0.34452346  0.45450466  0.20097188
  0.37939866  0.32036316  0.30023818
  0.53763779  0.28743405  0.17492817
  0.27434287  0.67047383  0.05518330
  0.22341494  0.71377631  0.06280875
  0.02108045  0.01340227  0.96551728
  0.04246035  0.03152532  0.92601433
  0.19412852  0.24131940  0.56455208
  0.02118346  0.54628728  0.43252927
  0.50438221  0.13936155  0.35625624
  0.91761809  0.01528703  0.06709488
  0.33052489  0.03221640  0.63725870
  0.64342488  0.23720374  0.11937138
  0.29999555  0.68240270  0.01760175
  0.06667659  0.56336506  0.36995835
  0.23293330  0.22558694  0.54147976
  0.86835899  0.00268267  0.12895834
  0.14860307  0.70994097  0.14145596
  0.52325041  0.09453335  0.38221624
  0.40228160  0.20187561  0.39584279
  0.22425716  0.42027228  0.35547057
  0.37830678  0.37845833  0.24323489
  0.44297379  0.46753860  0.08948761
  0.48466929  0.13864394  0.37668677
  0.55082937  0.09161645  0.35755418
  0.82318217  0.10404271  0.07277512
  0.10176941  0.76195644  0.13627415
  0.29859771  0.21399572  0.48740657
  0.45369200  0.11726451  0.42904350
  0.87739720  0.02282638  0.09977642
  0.74274352  0.12102230  0.13623418
  0.07477885  0.33967245  0.58554870
  0.53413547  0.26058055  0.20528398
  0.00737854  0.40588292  0.58673854
  0.11897766  0.20910100  0.67192133
  0.16490341  0.11253354  0.72256305
  0.38422138  0.21096181  0.40481681
  0.37700303  0.16676592  0.45623105
  0.07441734  0.43856083  0.48702183
  0.08880519  0.19639824  0.71479657
  0.05752895  0.14013499  0.80233607
  0.31582839  0.13879037  0.54538124
  0.33641555  0.38381148  0.27977297
  0.37966566  0.58461384  0.03572050
  0.18545602  0.49415389  0.32039009
  0.69792050  0.23472115  0.06735836
  0.80152149  0.18195614  0.01652237
  0.27318077  0.60327399  0.12354524
  0.25737285  0.34434616  0.39828099
  0.03802396  0.20218892  0.75978712
  0.08620905  0.81859205  0.09519890
  0.73067975  0.15307639  0.11624387
  0.89871708  0.06918678  0.03209614
  0.02095328  0.67609685  0.30294987
  0.65397564  0.18372932  0.16229504
  0.14729383  0.13045368  0.72225249
  0.40754314  0.51177723  0.08067964
  0.32178919  0.57277421  0.10543660
  0.06982799  0.36148461  0.56868739
  0.69961786  0.25660143  0.04378071
  0.06795369  0.16475182  0.76729450
  0.18785871  0.38148087  0.43066043
  0.51995204  0.00644005  0.47360791
  0.16971727  0.67726739  0.15301534
  0.04014769  0.75519205  0.20466026
  0.17775345  0.37729254  0.44495401
  0.04592122  0.73572241  0.21835637
  0.25264082  0.41089748  0.33646169
  0.38034865  0.35287834  0.26677300
  0.43251261  0.20275996  0.36472742
  0.48436833  0.38896683  0.12666483
  0.60229287  0.37394653  0.02376061
  0.39283863  0.19976601  0.40739536
  0.09430575  0.74975572  0.15593853
  0.06440987  0.49715344  0.43843669
  0.13155589  0.05590490  0.81253921
  0.57192490  0.40154070  0.02653440
  0.24046837  0.27564599  0.48388564
  0.48156791  0.15658641  0.36184568
  0.36041019  0.42349247  0.21609734
  0.08802553  0.15609061  0.75588387
  0.12293620  0.45421260  0.42285120
  0.16980738  0.71041535  0.11977727
  0.35447860  0.03782736  0.60769404
  0.13318377  0.17705783  0.68975841
  0.59855650  0.14695293  0.25449057
  0.00218735  0.76041336  0.23739929
  0.46397850  0.34538235  0.19063915
  0.05170860  0.41767691  0.53061449
  0.55268200  0.31549068  0.13182732
  0.31149680  0.21005079  0.47845241
  0.15777133  0.15519161  0.68703707
  0.05318197  0.25764175  0.68917628
  0.15164542  0.28162674  0.56672784
  0.38040739  0.17723409  0.44235852
  0.08057040  0.44526741  0.47416219
  0.02745718  0.95928150  0.01326132
  0.64706238  0.16921437  0.18372325
  0.75023614  0.12392502  0.12583884
  0.09754725  0.20360208  0.69885067
  0.64496353  0.33827325  0.01676322
  0.40008971  0.19915494  0.40075534
  0.23138570  0.73564782  0.03296649
  0.36622705  0.59991702  0.03385593
  0.65861501  0.09945918  0.24192580
  0.29350666  0.18550653  0.52098680
  0.22269303  0.45425342  0.32305354
  0.54861519  0.08367940  0.36770541
  0.73546596  0.10947129  0.15506275
  0.13522540  0.82142541  0.04334919
  0.61175835  0.30385800  0.08438365
  0.37283360  0.28866776  0.33849863
  0.26793550  0.19427873  0.53778577
  0.04624619  0.80146179  0.15229201
  0.38048630  0.42390080  0.19561290
  0.04684767  0.49439109  0.45876125
  0.30721358  0.06534229  0.62744413
  0.15024900  0.00035032  0.84940068
  0.14874534  0.17739739  0.67385727
  0.78582834  0.18387869  0.03029296
  0.34922684  0.06380571  0.58696745
  0.12592954  0.18896872  0.68510174
  0.23484332  0.56301176  0.20214493
  0.08143883  0.34718445  0.57137672
  0.22149464  0.49702749  0.28147787
  0.00500354  0.54313056  0.45186590
  0.30192377  0.13576163  0.56231459
  0.31782004  0.18617347  0.49600649
  0.19623148  0.64045964  0.16330888
  0.14300404  0.65663910  0.20035687
  0.14612716  0.12291793  0.73095491
  0.29545034  0.59866907  0.10588059
  0.67094087  0.17231289  0.15674624
  0.01512084  0.65716048  0.32771868
  0.02154942  0.19308346  0.78536712
  0.00115461  0.28542688  0.71341851
  0.10004690  0.07982471  0.82012839
  0.31980421  0.28555475  0.39464104
  0.78165134  0.20015004  0.01819863
  0.00861115  0.42467226  0.56671659
  0.37909247  0.39678998  0.22411755
  0.23089405  0.37591543  0.39319052
  0.42584695  0.02133626  0.55281679
  0.21809624  0.06578831  0.71611545
  0.41400289  0.18561789  0.40037923
  0.07590809  0.25635990  0.66773201
  0.30791710  0.49594051  0.19614239
  0.50389208  0.17684646  0.31926146
  0.07841496  0.58212890  0.33945614
  0.03840129  0.75011637  0.21148234
  0.00679500  0.05109846  0.94210654
  0.77824628  0.15699354  0.06476018
  0.24076834  0.17078538  0.58844629
  0.05643978  0.21182325  0.73173697
  0.41679825  0.05925203  0.52394971
  0.41188021  0.12502977  0.46309002
  0.26239504  0.46861521  0.26898974
  0.33433269  0.04254899  0.62311833
  0.02246530  0.09761288  0.87992182
  0.61190027  0.15643343  0.23166630
  0.42021459  0.53541125  0.04437415
  0.51421525  0.19202016  0.29376459
  0.33286369  0.34960668  0.31752962
  0.52955829  0.32131069  0.14913101
  0.12854658  0.58542113  0.28603229
  0.19192175  0.72883752  0.07924073
